stud_1 test1 test2 test3 excellent 14 15 16 39 40 41 42 87 88 89 90 110 111 126 127 128 129 150 151 152 153
stud_2 good 10 11 12 15 16 17 18 33 34 35 39 40 41 58 59 60 64 65 66 81 82 83 87 88 89 90 105 106 107 108 109 110 130 131 132 133 134 135 153 154 155 156 160 161 162
stud_3 excellent 12 39 60 61 62 63 87
stud_4 good 11 32 33 34 35 36 37 38 56 57 58 61 62 63 64 65 66 80 81 82 83 84 85 86 87 88 89 90 91 92 93 94 104 105 106 107 108 109 110 132 133 134
stud_5 excellent 10 11 12 14 15 16 40 41 59 60 61 63 64 88 89 106 109 110 111 112 129 130 133 134 135 159 160 161
stud_6 excellent 11 12 13 14 35 36 37 59 60 61 83 84 85 107 108 109 130 131 132 133 134 135 136 137 138 139 140 153 154 155 156 157 158 159 160 161 162 163 164 165
stud_7 good 15 16 17 18 19 20 21 22 23 39 40 41 42 43 44 45 46 47 63 64 65 66 67 68 69 70 71 87 88 89 90 91 92 93 94 95 107 108 109 110 111 112 113 114 115 116 117 118 119 131 132 133 134 135 136 137 138 139 140 141 142 143 155 156 157 158 159 160 161 162 163 164 165 166 167
stud_8 excellent 9 10 20 21 22 23 32 33 34 39 40 41 42 43 44 45 46 47 58 68 69 70 71 80 81 82 87 88 89 90 91 92 93 94 95 105 106 116 117 118 119 128 129 130 131 132 133 134 135 136 137 138 139 140 141 142 143
stud_9 excellent 11 13 19 20 35 37 40 43 44 59 61 63 64 67 68 80 81 82 83 84 85 88 91 92 104 105 107 109 110 111 112 115 116 128 129 130 131 132 133 134 135 136 139 140
stud_10 excellent 9 10 11 12 13 15 16 17 18 36 37 40 41 42 57 58 59 60 61 63 64 65 66 84 85 88 89 90 105 106 107 108 109 111 112 113 114 130 131 132 133 134 135 136 137
stud_11 excellent 6 10 11 12 13 14 17 18 19 20 30 35 40 41 42 43 44 54 59 60 61 62 63 64 65 66 67 68 78 79 80 81 82 83 88 89 90 91 92 102 103 104 105 106 107 108 109 110 111 112 113 114 115 116 126 127 128 129 130 131 132 133 134 135 136 137 138 139 140
stud_12 good 17 18 36 37 41 42 58 65 66 84 85 89 90 108 109 110 111 112 113 131 132 155 156
stud_13 excellent 18 19 20 21 42 43 44 45 66 67 68 69 90 91 92 93 114 115 116 117 129 130 131 132 133 134 135 136 137
stud_14 good 11 12 13 14 15 16 17 18 19 20 21 33 40 41 42 43 44 45 61 62 63 64 65 81 90 91 92 93 108 109 110 128 129 130 152 153 154
stud_15 good 14 40 62 63 86 103 104 105 106 107 108 109 110 111 112 113 114 115 116 117 118 119 133 134 135 136 137 138 139 152 154 155 157 158 159
stud_16 excellent 14 15 16 17 33 81 88 89 105 106 107 108 109 110 111 112 113 130 131 132 133 134 135
stud_17 good 10 11 12 15 16 17 18 19 20 57 58 63 64 65 66 67 68 69 70 71 88 89 90 91 92 93 94 95 105 106 107 108 109 110 111 112 113 114 115 116 117 118 119 130 131 132 133 134 135 136 137 138 139 140 141 142 143 155 156 157 158 159 160 161 162 163 164 165 166 167
stud_18 excellent 11 13 14 15 16 17 18 19 20 21 22 23 36 37 59 62 63 67 68 69 70 71 80 81 82 84 85 87 88 89 90 91 92 93 94 95 107 109 110 111 112 113 114 115 116 117 118 119 129 130 131 132 133 134 135 136 137 138 139 140 141 142 143
stud_19 excellent 6 7 17 18 19 30 31 32 33 36 37 40 41 42 43 54 55 65 66 67 78 79 80 81 84 85 88 89 90 91 102 103 113 114 115 126 127 128 137 138 139
stud_20 average 12 35 57 58 59 60 83 105 106 107 108 109 110 129 130 131 132 133 134 135 157
stud_21 average 12 35 57 58 59 60 83 105 110 129 130 131 132 133 134 135 157
stud_22 average  59 60 83 105 106 107 108 109 110 129 130 131 132 133 134 135 157
stud_23 average 12 35 57 58 59 60 83 
